# x; y
       0.8     8.6861 
     0.804     8.4841 
     0.808     8.2779 
     0.812     8.0674 
     0.816     7.8524 
      0.82     7.6326 
     0.824     7.4079 
     0.828     7.1781 
     0.832     6.9429 
     0.836      6.702 
      0.84     6.4553 
     0.844     6.2026 
     0.848     5.9436 
     0.852     5.6779 
     0.856     5.4055 
      0.86     5.1264 
     0.864     4.8408 
     0.868     4.5499 
     0.872     4.2556 
     0.876     3.9604 
      0.88     3.6673 
     0.884     3.3793 
     0.888      3.099 
     0.892      2.828 
     0.896     2.5675 
       0.9     2.3184 
     0.904     2.0812 
     0.908     1.8565 
     0.912     1.6443 
     0.916     1.4451 
      0.92     1.2588 
     0.924     1.0855 
     0.928    0.92538 
     0.932     0.7783 
     0.936     0.6442 
      0.94    0.52308 
     0.944    0.41485 
     0.948    0.31942 
     0.952    0.23669 
     0.956    0.16655 
      0.96    0.10888 
     0.964   0.063613 
     0.968   0.030474 
     0.972  0.0094802 
     0.976 0.00041571 
   0.97706          0 
      0.98  0.0031638 
     0.984   0.017566 
     0.988   0.043465 
     0.992     0.0807 
     0.996     0.1291 
         1    0.18851 
     1.004     0.2587 
     1.008    0.33953 
     1.012    0.43075 
     1.016    0.53217 
      1.02    0.64351 
     1.024    0.76447 
     1.028    0.89461 
     1.032      1.033 
     1.036     1.1185 
      1.04     1.2416 
     1.044     1.3726 
     1.048     1.5116 
     1.052     1.6588 
     1.056     1.8142 
      1.06      1.978 
     1.064     2.1501 
     1.068     2.3306 
     1.072     2.5195 
     1.076     2.7167 
      1.08     2.9223 
     1.084     3.1361 
     1.088     3.3583 
     1.092     3.5884 
     1.096     3.8269 
       1.1     4.0737 
     1.104     4.3281 
     1.108     4.5908 
     1.112     4.8615 
     1.116     5.1401 
      1.12     5.4266 
     1.124      5.721 
     1.128      6.023 
     1.132     6.3328 
     1.136     6.6503 
      1.14     6.9753 
     1.144     7.3079 
     1.148     7.6479 
     1.152     7.9956 
     1.156     8.3502 
      1.16     8.7123 
     1.164     9.0817 
     1.168     9.4582 
     1.172     9.8418 
     1.176     10.232 
      1.18      10.63 
     1.184     11.035 
     1.188     11.446 
     1.192     11.864 
     1.196     12.289 
